999 100
5 20
616	438
935	733
616	128
268	117
45	833
846	350
991	624
705	160
820	588
719	46
173	383
25	264
551	162
507	506
605	358
546	594
645	595
420	29
333	26
207	360
784	266
512	408
638	895
348	242
590	914
33	37
67	844
13	653
875	276
2	895
344	334
469	194
549	282
471	281
714	537
359	53
311	87
702	457
196	685
80	216
493	60
385	198
649	535
915	458
894	953
398	169
368	171
225	676
486	990
950	637
341	329
667	145
293	561
340	891
118	28
476	639
921	258
946	390
17	713
937	130
188	878
381	685
940	798
786	422
476	336
628	975
900	305
381	260
57	728
384	200
805	402
630	490
146	260
843	569
689	533
14	182
283	19
771	968
139	230
524	966
982	993
366	57
262	202
430	547
871	691
399	451
417	714
541	575
963	780
392	564
364	450
816	829
751	425
907	356
443	723
598	198
438	674
178	17
340	49
158	327
650	945
926	383
274	451
353	223
303	927
5	721
917	304
38	627
757	816
639	398
858	144
443	102
173	302
614	168
595	799
856	439
708	595
799	685
95	62
721	338
277	500
437	381
908	744
233	544
565	319
547	766
31	534
628	780
711	765
607	664
599	140
204	71
345	175
369	221
702	267
15	559
370	787
200	631
78	507
105	443
139	240
918	130
426	921
629	703
920	516
470	336
169	688
800	57
477	996
311	785
245	556
506	425
533	410
286	471
916	715
651	589
495	112
26	851
450	274
785	733
791	476
635	660
529	23
741	475
835	722
586	619
327	595
715	556
882	414
715	823
278	419
455	327
370	16
683	55
624	775
24	271
687	339
629	379
671	454
603	826
82	278
907	44
82	596
453	749
3	585
63	744
222	191
225	258
893	985
161	19
528	839
494	300
741	12
178	303
522	675
166	372
599	360
383	233
576	390
133	235
9	458
801	76
348	413
535	854
992	577
935	874
313	133
962	737
12	493
152	249
514	50
506	371
973	905
736	258
736	724
523	402
826	350
463	412
592	676
36	810
486	140
641	252
648	492
809	498
30	282
493	944
254	631
511	825
741	92
523	953
229	558
338	660
592	168
331	302
151	670
704	692
229	426
681	575
534	689
8	669
151	102
407	917
78	817
11	502
12	833
269	384
77	621
923	851
409	590
948	984
728	895
641	260
180	393
589	982
783	345
9	212
51	917
410	191
517	747
620	406
105	986
784	954
851	177
722	195
984	957
568	686
487	744
751	61
722	83
776	614
50	91
293	520
893	729
862	14
821	823
282	480
444	203
764	528
530	115
400	542
379	243
392	45
678	80
251	370
330	65
255	689
822	512
996	639
573	225
365	570
545	430
234	747
958	120
963	481
181	690
210	502
733	967
228	840
897	922
987	970
529	471
604	429
3	416
311	597
119	871
670	616
430	161
362	67
293	539
548	422
866	921
212	710
187	86
249	541
896	773
523	959
659	668
989	261
436	882
910	726
911	475
101	411
724	604
725	707
509	278
777	383
481	871
770	658
607	603
987	44
73	602
344	631
606	783
282	513
733	593
500	308
732	909
171	637
908	330
527	95
641	187
477	635
29	417
99	184
672	888
656	129
432	423
930	691
357	463
82	325
770	152
139	964
967	851
288	421
142	799
497	107
647	345
279	363
182	12
627	950
558	658
893	319
806	103
257	293
773	589
41	362
799	298
692	355
209	48
629	119
996	564
52	839
204	664
47	388
757	504
813	150
529	558
672	335
385	270
101	432
505	582
601	94
713	811
34	78
745	834
317	95
21	245
605	336
737	344
868	191
442	538
330	672
904	941
79	513
157	351
377	914
579	892
167	707
777	143
836	766
564	574
789	371
757	274
552	736
276	614
35	758
680	704
873	226
663	102
581	190
661	638
395	427
363	119
594	164
975	558
957	597
823	529
310	815
616	454
464	825
23	212
36	113
434	377
124	534
421	701
619	927
170	585
917	395
493	3
811	389
602	490
566	975
47	844
491	994
71	494
384	644
915	630
100	852
321	269
732	378
309	470
960	671
954	951
236	903
72	28
727	544
784	806
220	274
260	690
403	152
557	24
660	811
783	999
501	318
436	798
398	209
708	96
825	772
325	314
909	677
219	723
330	430
51	427
627	239
887	334
655	265
144	672
565	148
307	773
164	476
460	219
136	729
307	468
776	576
127	944
237	908
736	861
617	125
49	902
882	585
446	531
565	505
650	259
519	745
927	47
643	989
301	909
693	788
774	393
53	114
300	949
464	486
767	234
918	453
949	841
648	56
246	278
154	560
154	365
747	830
664	503
578	184
936	698
763	115
275	281
137	465
347	111
811	279
861	147
824	88
972	196
498	635
921	11
293	972
499	686
479	283
604	812
509	660
856	110
260	208
489	625
929	132
971	472
139	843
193	513
146	398
138	620
38	327
9	566
435	628
274	709
119	839
200	913
282	434
2	950
515	545
941	516
26	788
639	971
870	474
390	734
346	323
801	208
905	517
196	992
958	258
703	658
752	260
481	522
140	425
830	128
851	16
238	126
329	94
396	450
759	578
72	166
540	175
630	858
410	763
357	402
900	627
261	192
246	239
77	76
942	862
947	781
896	121
727	126
264	170
883	924
592	88
574	961
316	450
135	92
28	800
636	503
337	426
867	739
169	21
725	983
894	723
586	762
559	627
223	918
113	164
85	448
388	348
653	832
131	213
783	716
44	622
921	725
591	133
238	755
517	915
546	417
179	561
715	923
810	676
522	610
946	627
379	392
945	394
524	289
114	464
889	964
38	722
590	155
369	922
849	421
875	378
250	689
612	215
828	972
735	472
778	813
587	235
76	270
115	590
738	150
397	45
595	121
805	217
753	732
165	470
259	130
45	778
542	364
810	810
598	10
564	516
512	730
130	724
229	319
582	851
31	435
855	498
932	549
218	323
752	535
963	477
111	602
98	246
29	723
728	384
367	983
918	317
577	437
556	591
703	151
256	255
598	6
592	546
743	460
196	716
69	476
326	355
125	39
947	368
696	900
825	643
505	448
889	316
569	616
135	270
288	973
191	56
95	474
870	925
172	971
327	880
982	894
227	825
641	928
863	932
920	355
98	958
684	570
725	694
472	713
576	641
554	55
912	340
995	635
466	23
26	853
299	8
28	78
566	919
621	848
110	298
619	296
39	523
119	272
740	271
18	722
597	632
616	692
55	384
413	375
986	972
296	900
717	408
288	500
443	203
675	4
558	939
833	701
733	679
328	72
5	260
934	672
12	98
601	867
65	786
553	432
527	297
56	665
628	161
94	924
818	548
579	354
726	231
314	534
378	71
800	131
992	802
963	864
425	29
821	519
789	179
706	735
594	683
645	311
16	642
456	735
298	329
457	377
521	289
668	520
661	905
662	283
622	681
62	112
147	361
246	200
869	970
394	856
967	809
15	931
953	926
412	981
997	688
701	371
432	864
352	32
53	38
232	513
791	284
685	152
67	102
407	532
74	146
569	312
886	667
373	879
309	910
635	592
793	401
801	75
851	501
19	642
678	480
607	226
490	150
172	20
448	781
596	238
325	681
115	45
221	747
871	537
151	677
442	90
52	491
696	918
520	11
174	21
532	817
687	394
228	365
344	262
371	802
724	412
177	107
154	978
226	272
734	582
249	970
670	596
976	608
826	23
386	323
97	205
218	16
823	592
687	230
696	589
235	562
978	655
342	245
397	709
941	159
762	947
493	741
281	330
9	22
819	763
471	493
576	386
505	869
169	449
683	939
828	967
81	430
957	102
107	626
544	511
554	414
261	370
117	73
708	303
742	173
447	75
654	810
300	933
972	303
771	116
997	466
176	726
647	766
194	548
848	947
63	289
568	168
912	693
219	184
498	994
315	217
659	874
532	804
169	526
967	841
346	786
854	494
113	286
248	286
330	664
491	110
523	969
284	982
319	418
859	636
35	112
814	865
369	751
597	745
962	473
502	901
698	794
467	483
148	94
525	412
488	94
145	102
37	988
276	236
701	203
38	296
270	490
672	202
609	389
668	837
751	595
563	507
559	679
153	210
597	611
189	869
961	588
924	907
562	812
787	815
881	7
401	222
642	689
154	298
40	480
520	69
248	638
60	798
384	783
284	30
367	284
80	981
611	170
592	712
310	806
611	944
334	990
519	217
760	612
492	643
361	700
137	741
919	405
286	752
451	953
508	640
385	270
16	545
890	911
808	987
725	95
521	309
333	510
64	993
9	112
195	499
146	335
868	762
565	518
557	460
84	533
653	874
182	685
14	976
590	561
977	534
490	919
109	834
946	123
366	463
668	308
341	300
478	542
630	925
259	425
605	966
461	966
673	189
712	361
874	265
782	675
655	499
909	243
298	297
533	967
449	310
196	502
397	610
505	529
506	372
404	776
818	62
75	245
231	57
231	103
505	376
350	655
701	851
443	698
7	497
5	665
574	166
182	909
810	803
413	681
634	812
450	680
887	815
90	176
52	429
438	135
591	932
925	816
104	957
501	283
743	470
650	70
908	129
182	60
672	628
426	194
14	563
78	883
94	301
914	886